%As in Spong 95
p.m1 = 1;
p.m2 = 1;
p.l1 = 1;
p.l2 = 1;
p.lc1 = 0.5;
p.lc2 = 0.5;
p.I1 = 0.083;
p.I2 = 0.33;
p.g = 9.8;